L1I;Línea 1 Ida;88;97;44;43;47;58;37;74;77;25;24;5;52;14;61;35;34;89;
L1R;Línea 1 Regreso;89;84;83;90;16;17;53;26;3;4;36;73;96;95;46;102;42;62;45;100;
L2I;Línea 2 Ida;48;13;79;7;84;83;90;16;17;55;53;26;3;4;19;21;9;30;31;
L2R;Línea 2 Regreso;31;8;33;20;25;24;5;54;2;51;15;81;82;80;48;
L3I;Línea 3 Ida;92;71;11;1;6;75;76;46;39;49;94;91;
L3R;Línea 3 Regreso;91;85;98;93;50;39;5;2;10;71;92;
L4I;Línea 4 Ida;1;6;75;76;29;27;87;86;103;70;60;
L4R;Línea 4 Regreso;60;70;88;63;65;64;77;25;5;1;
L5I;Línea 5 Ida;48;69;59;55;53;26;3;4;46;102;42;62;68;
L5R;Línea 5 Regreso;67;91;104;72;85;57;56;98;41;44;43;47;99;24;5;54;28;101;18;78;13;
L6I;Línea 6 Ida;1;6;75;76;38;40;66;
L6R;Línea 6 Regreso;66;32;39;12;22;33;20;23;25;24;5;1;